iter,e,e_std,e_err95,e_var,e_var_std,e_var_err95
0,-0.42449549243631735,0.3341364093998954,0.6548953283473258,53.77913897966554,3.4500509879224497,6.761975681154834
1,-1.0941373316115586,0.2932107947467733,0.5746825975820418,50.31351252202412,3.6596843134272294,7.172849449103564
2,-1.2851362724688902,0.3487497855470536,0.6835370192882926,56.308468131581115,3.6837666225253383,7.220049907600419
3,-1.254448359096679,0.32184453563402715,0.6308036984637113,53.20348361637603,3.4672030067934476,6.795593020404142
4,-1.5528935345893062,0.3223623469384994,0.6318185899712646,48.98639651909766,3.228502338507645,6.327748307478326
5,-1.9896648542764652,0.31179304287835763,0.6111031346717337,47.74373964938428,3.099162441141006,6.074246766875607
6,-1.9338472540066003,0.3100220410803142,0.607632034931013,48.023942128154346,3.215632983278921,6.302524834725776
7,-3.7053382600369296,0.3194316005023025,0.6260744325084996,52.08864240551043,3.6719346583725536,7.196859683994592
8,-4.206916084731385,0.3106639578046326,0.6088901685917509,46.69109644706252,3.352489158054001,6.570758008346851
9,-4.637105796095336,0.3058960857234218,0.5995453110296838,46.9032975665893,3.387435719978483,6.639252011102334
10,-5.879679579815813,0.3068156164638091,0.6013475581635204,44.5735213438912,3.090930498943687,6.058112456646046
11,-6.925428397627716,0.3037726411567088,0.5953834361557591,45.96774340794995,3.084421450119788,6.045354955377591
12,-8.21908879847556,0.33818577360084295,0.6628319363414688,49.21926671752003,3.3934120170891817,6.650965338200215
13,-9.17274809855804,0.30576052002547277,0.5992796071441646,48.21898085106165,2.857684856231353,5.600959397378974
14,-9.953462292839673,0.3102172451764409,0.6080146279290559,44.313637515702894,2.6651194214851146,5.223538080609049
15,-12.46685716625341,0.34188474798446156,0.6700817929130974,52.434096463268396,2.628708453068172,5.152173893869616
16,-11.903687837212154,0.28318414528091485,0.5550307257433514,41.942215939411014,2.298190600322336,4.5043708062402645
17,-13.999315374003281,0.2957183912887881,0.5795973964921479,45.037829544978514,2.175806584416351,4.264502542781157
18,-14.482669953140842,0.3129668738523455,0.6134038011046875,40.755903806007254,2.0695649747927,4.056272814259237
19,-15.74937357228889,0.27636089924899265,0.5416574092631281,39.41914478119385,1.888969901288418,3.7023129744054804
20,-15.901784236029906,0.3104471524145651,0.6084652378355645,38.884862569624026,2.0606179082138074,4.038736885997325
21,-16.733516523160894,0.2636987826227222,0.5168401167075922,38.360937633596514,1.953858734406121,3.829492750315008
22,-17.46122140094321,0.27947816232169226,0.547767132615956,38.102260622943945,1.7092883932814553,3.3501436900239883
23,-18.28620469167788,0.2725386099103671,0.5341658598209306,35.36294447319864,1.8613232997328153,3.64812663106157
24,-18.891144350400133,0.2321241242166344,0.4549549234075052,30.00271293365205,1.6206810087561663,3.1764764075901297
25,-19.288922538198122,0.24624621691038284,0.4826337164735884,31.05381348040585,1.5449196816903645,3.027986935120199
26,-19.709493496863313,0.23699386433592937,0.4644994386553931,26.23476623922812,1.4300306611355098,2.8028085926136015
27,-20.16108923925042,0.21209674592570749,0.4157019832525291,23.244265930362268,1.5364571256625477,3.0114006300885254
28,-20.75219913044626,0.1866881119508347,0.36590197576541766,20.034740093988695,1.1778254971449922,2.308495554477169
29,-20.68138289512682,0.20581586484550835,0.40339168254415975,22.632814767956987,1.3830500739016744,2.710728333662742
30,-20.96352578685483,0.22109482676557735,0.433337897628654,21.749622534471644,1.4041005583380441,2.7519865250151474
31,-21.43494205416505,0.19855618216717774,0.38916296595544253,22.7490341335277,1.6085552814616013,3.152710418806428
32,-21.140746303726395,0.18707086213030202,0.36665215233224985,20.037671276616145,1.1366701696335422,2.2278325947827766
33,-21.01391031844596,0.19248450449429344,0.3772626963908533,17.523335846737652,1.0097080685730329,1.9789914493026437
34,-21.37165301545244,0.1761763942708124,0.345299387696921,18.80851739431511,1.082027275373789,2.1207344900226297
35,-21.659890935685116,0.17513898590505092,0.34326610466276797,16.52916223833492,0.9956601491822277,1.9514580332389435
36,-21.651836747737683,0.16434644790705213,0.32211311888491034,15.908961810093718,0.9282953577540433,1.8194254682136495
37,-21.87377953238633,0.17072910392053636,0.33462289479704743,15.34056872164566,0.9283357614561571,1.8195046580146348
38,-22.52030763049354,0.15102023110522067,0.2959942139031481,13.547124938886823,0.934550728398012,1.8316857693857775
39,-22.580844155432708,0.1465456291564584,0.2872241552384214,11.888673705012827,0.7381421110028338,1.446731953037921
40,-22.28951832331746,0.1535012876912787,0.3008569954554277,13.999587089087301,0.7665058467550886,1.5023238535793515
41,-22.39879426180113,0.13766565331218267,0.26981972240005525,12.673153149863287,0.8426151549087533,1.6514953564487949
42,-22.43341286253923,0.14485509580281516,0.2839107707506169,13.178620080882716,0.7747266912535373,1.5184364127188152
43,-22.481774366449542,0.1469556819831475,0.2880278440104908,13.015451687996663,0.9226661917178033,1.808392505519623
44,-22.728099072626563,0.13483343879786594,0.26426868395550285,10.902679626438687,0.6761148573415728,1.3251607698019192
45,-22.304678466101443,0.13140039965890282,0.2575400508856187,12.254422412942391,0.8592105290327183,1.6840216920417344
46,-22.706153694352746,0.13217916770067442,0.25906640819980187,11.64911208657396,0.7064351816469661,1.3845875134400645
47,-22.79573568628948,0.12184364955152348,0.23880916486590592,9.801725960477308,0.5343934794161856,1.0473919732287706
48,-22.961500945448122,0.11722443645457348,0.2297556735589682,9.82101670173748,0.5864274479739149,1.1493766775746095
49,-22.951576318002793,0.11320479646491723,0.221877323948425,10.067821674566673,0.727620991957676,1.4261109386323534
50,-23.32263317218498,0.12005252714775644,0.23529862946261973,8.374657801990132,0.6551765166016471,1.284122376055637
51,-23.263556267717323,0.12399729200266743,0.24303022650572464,9.000421606672617,0.7104575178689715,1.392471147568906
52,-23.36985275209203,0.12874213952681962,0.252329956765197,8.512318524787972,0.8394167588808259,1.6452266154257613
53,-23.410565546889668,0.11769934133186169,0.23068647001453552,8.140925504093186,0.6770022369797206,1.326900001933303
54,-23.600144729791324,0.11452975718529095,0.22447419924128773,6.8761003372309615,0.6396042780807982,1.253601349396106
55,-23.429785384975077,0.11733297970359115,0.2299684144178078,7.730666279612762,0.6039887964030166,1.1837962880156079
56,-23.294874042004402,0.12174245774147123,0.2386108325626731,9.189459934263567,0.7809833500928455,1.5306992387074134
57,-23.33244281879365,0.12931980377014102,0.2534621578772635,8.740217506147848,0.7458905216270395,1.4619185587987917
58,-23.41595278075443,0.12123150521979797,0.2376093840223836,7.838929608765739,0.6664874636083084,1.3062914248197344
59,-23.442576268979757,0.11744663715301426,0.2301911789252518,7.314232951466668,0.6287803702986455,1.232386879971104
60,-23.546763752685226,0.10417412045668316,0.20417752421623628,7.202790863783719,0.5754786450047986,1.1279174180813163
61,-23.602416247518384,0.11126607611093053,0.21807750187851632,7.0355011575632105,0.6431530328018185,1.2605567808392721
62,-23.55314458084093,0.11042676162218361,0.2164324757088697,6.90640667107347,0.6473644300556141,1.2688109677813024
63,-23.54570124158787,0.09969411099079205,0.19539686701269118,6.401430001873004,0.5060655603664196,0.991870272134263
64,-23.173288045799865,0.11628921338582766,0.22792267002671537,8.033588662277324,0.5215141001483358,1.022148853720553
65,-23.60517236435149,0.10588360441268092,0.20752805120214096,6.365321459125642,0.5411386138663854,1.0606121938220425
66,-23.629747115078235,0.11439947062852021,0.22421884228234734,6.816287863149752,0.63671045382745,1.247929558081955
67,-23.742803127676062,0.10617600134050956,0.20810113864987523,6.129769010532156,0.668784738801055,1.3107940014600952
68,-23.73313128778235,0.10451230775838673,0.20484035914760407,6.390369787943003,0.6279068581964482,1.2306748277107373
69,-23.76639237491902,0.10124641078035071,0.19843931869343526,5.7093346298138306,0.561265363619074,1.1000598984631624
70,-23.618531282218626,0.10976597739488393,0.21513736242181022,6.562492487513438,0.5999385796136509,1.1758580089788717
71,-23.635529271552357,0.09870388182127653,0.19345605350399975,6.401624670217993,0.5094161258768082,0.9984372598624667
72,-23.840175351169783,0.0932308048429897,0.18272901974194228,5.156756310322646,0.508544097359974,0.9967281153759797
73,-23.700293651404202,0.10868659237313681,0.21302180665373388,6.26543416447843,0.6185504629774379,1.2123366300563543
74,-23.68183126398811,0.10874760131472572,0.21314138198198304,6.193731282771951,0.6094369829378931,1.1944745374050219
75,-23.635461827838583,0.09597387573618543,0.188105339899646,6.056827752985371,0.5005683729255014,0.9810959827337974
76,-23.818185231880207,0.10307871409353048,0.20203056719602103,5.565780672059676,0.5968405864291886,1.169786053912975
77,-23.96117284061453,0.09388712523967903,0.1840153840817724,4.879797773035715,0.5879445352296803,1.1523501139573142
78,-23.92361097373623,0.0989833902865232,0.19400388002925728,5.082161291719505,0.5880779233407267,1.1526115498509313
79,-23.928303319362364,0.09662126468024732,0.18937419891399673,4.8586825401064,0.5707122414458048,1.118575438769905
80,-24.004614712803978,0.09457388677539241,0.18536141195773803,4.506990575688993,0.5894492078648018,1.1552992181306756
81,-23.929883189383837,0.08723983239870185,0.17098692951876618,5.001231269430974,0.5264268927424332,1.0317777502684988
82,-24.035377012063847,0.09216310267593238,0.18063636194829455,4.44645277823986,0.5775915586733983,1.132058652774214
83,-23.984777129001575,0.09074303403721659,0.17785307856083676,4.658579003374969,0.5334673230792127,1.0455767401642502
84,-23.962265681980057,0.09196094986565098,0.18024014972076943,4.76423568829016,0.5351130177238916,1.0488022423973713
85,-24.070120720739972,0.08341681733933817,0.16349395769005912,3.9882298025837226,0.4945454809704251,0.9692913314190719
86,-24.16740160965101,0.07568218442119089,0.1483343557368525,3.4710717197638403,0.46574178490756013,0.9128371245142184
87,-24.009464802241972,0.08704466640299094,0.1706044111961659,4.483608810524997,0.5597514170603062,1.0970926177334592
88,-24.122406421057967,0.0810629784772062,0.1588805182948697,3.698174507800215,0.488435078434402,0.9573151625174243
89,-23.916511045886622,0.098613619636441,0.1932791428725562,4.925942893435416,0.561729192812477,1.1009689869772108
90,-24.031837511258296,0.08813369556491672,0.17273886913165426,4.139955666242313,0.5202408735011482,1.0196533753479087
91,-23.959565440072957,0.0903056822827153,0.17699588487343884,4.786856856171595,0.5411330891693705,1.0606013656148678
92,-23.995974204572327,0.08594043841154204,0.16844016410220505,4.447633575929297,0.5029810366862897,0.9858247168117474
93,-24.130012164659615,0.08705616515099433,0.17062694832811984,3.63080922048829,0.5303684676763013,1.0395030951812463
94,-24.189513935850822,0.07815065248995749,0.1531724642486222,3.3102699627318364,0.4842821972568791,0.9491756649774052
95,-24.06440243673942,0.09218754539524039,0.18068426879782248,4.059585701856353,0.5525550052429348,1.082987909753493
96,-24.05840174061803,0.08719639293211441,0.17090178972874717,4.174563461379251,0.5250523304074135,1.0290836575973552
97,-24.01559021684602,0.09891717757419789,0.19387410549778097,4.486717399431523,0.5903633202308407,1.1570908454459345
98,-24.20755556212778,0.0760407287626957,0.14903708973306257,3.312287454877948,0.48031360101738396,0.9413973592788136
99,-24.119158817575247,0.08266625991312994,0.1620228921663619,3.86374489022526,0.5103411033855447,1.0002501824660999
100,-24.155652083194294,0.08292138880727147,0.16252293561029482,3.73144159314191,0.5431535833092337,1.0645614613599739
101,-24.317806789247815,0.06441576767872172,0.12625258468679385,2.6954237564768517,0.46032194282245487,0.9022144292255175
102,-24.23739937519378,0.07745616292098748,0.1518112897058022,3.1254133406752374,0.4960379595128376,0.9722165356098992
103,-24.214946350541705,0.07457251806713527,0.1461594496480476,3.361425382028788,0.505013212671034,0.9898077085520937
104,-24.20738747628909,0.0804137433012894,0.15760804073257625,3.2667067177514912,0.5070852753818351,0.9938688768389722
105,-24.24055521814107,0.0695599366163783,0.1363349705349904,2.8700232013734945,0.430781556868902,0.8443163366671411
106,-24.204354367488286,0.07467498958009694,0.1463602901228938,3.1281672119873285,0.45938235976409336,0.900372880270645
107,-24.31102506680864,0.06709865394531783,0.13151094514393935,2.604171972387822,0.43484646890620166,0.8522834178605717
108,-24.170639472389233,0.07738717365660702,0.1516760732322966,3.476013731977127,0.47972954986680294,0.9402526400585457
109,-24.244444173927796,0.07788713638537796,0.15265598217430001,3.010096739500009,0.4934851628493201,0.9672131460895509
110,-24.178885556140894,0.07387242527804395,0.14478729299559243,3.4535629847923417,0.46044863997283664,0.9024627510772097
111,-24.26850564483535,0.07032276888158015,0.13783009430103116,2.937938238619169,0.4525764082534648,0.8870334604292871
112,-24.180242886541016,0.0751993590412829,0.147388035381411,3.5003048854589522,0.47302256319635655,0.9271071877396805
113,-24.209971754827514,0.07144293705135547,0.14002558357041894,3.3149643991831654,0.4536413436894565,0.8891206955296913
114,-24.269015260213987,0.06553307190537974,0.12844246073081794,2.938467286038614,0.4237186117127369,0.8304732185362759
115,-24.37225416652814,0.06476337970782695,0.12693389174443298,2.262835716422667,0.42997061477907283,0.8427269193775282
116,-24.36434635243411,0.06784474469043614,0.1329732561335699,2.407409077881071,0.48216063510188095,0.9450174795626456
117,-24.276113442486942,0.06962416591000675,0.13646085763725463,2.986726484781914,0.48673197153812636,0.9539771343389023
118,-24.284362574549903,0.07001386275003907,0.13722464940860704,2.843884610554632,0.45480907527919345,0.8914094073891854
119,-24.312387360223795,0.07079003026582642,0.13874590978552018,2.8441004519369946,0.5264555953166078,1.0318340062801448
120,-24.305823571896525,0.07005788708113887,0.13731093551200613,2.795661851919334,0.4879689726749999,0.9564016120160096
121,-24.417253243346295,0.06036520030662388,0.11831361852052903,1.9678077907996352,0.4044211840878843,0.7926509553972965
122,-24.373120816490193,0.05952080077912665,0.11665862585807182,2.263537015425903,0.39531922314824125,0.7748114397669057
123,-24.28479267862292,0.07206259476834007,0.14124009037845106,2.8442592871700487,0.46809705859424133,0.9174533761138484
124,-24.446820666011185,0.05471085060533865,0.10723129675001518,1.7675972484095224,0.3729058448152089,0.7308820254622919
125,-24.395063109068076,0.0641498569029306,0.12573140914314215,2.211959017250396,0.46239836966816134,0.9062841510596343
126,-24.462073692034906,0.0574075508196632,0.11251673204719273,1.667442491689259,0.39309884102093606,0.7704595707654711
127,-24.344290173112732,0.061316348724212204,0.12017783516295441,2.4593070029978046,0.405558292365241,0.7948796466674379
128,-24.218733361760286,0.07109831107124913,0.13935012906127367,3.3658465252425125,0.4782143029108833,0.9372828105972592
129,-24.462601432560998,0.05116051821681851,0.10027277313536963,1.6678638622544932,0.3487986220239202,0.6836327370240829
130,-24.46309385087756,0.05665904900435761,0.11104969544683092,1.6681718065955167,0.3863431194607812,0.7572185998179868
131,-24.301273538077496,0.07354104410390264,0.14413779782912087,2.750201334829855,0.48019053152902663,0.9411561475140375
132,-24.345278335473587,0.06941843915959293,0.1360576406157871,2.460141771202742,0.45907159172168366,0.899763786099976
133,-24.47029002191698,0.06072387312694183,0.11901660433058563,1.7140068672422164,0.45094439633521327,0.883834775847174
134,-24.33144686765509,0.07144717579900925,0.14003389136315988,2.558059912288137,0.46869049313838984,0.9186164864475614
135,-24.426068632804554,0.06349532722520046,0.12444855454797847,2.014598216878988,0.4692625202101809,0.9197376389064538
136,-24.44861264695964,0.05431611946811262,0.10645763793747562,1.7688683559018346,0.3688263757621219,0.7228864130421957
137,-24.463955336945432,0.06070624317402235,0.1189820502578143,1.668640716495716,0.4159415377783193,0.8152304337197122
138,-24.449196146203274,0.05614938368154522,0.11005076976994965,1.7691821568735278,0.38294137414717294,0.7505513015187367
139,-24.47835901983334,0.05372083175788745,0.10529089546499497,1.5674650844706965,0.3689068674230124,0.7230441737985968
140,-24.42011199384809,0.055501532539879994,0.10878100486494266,1.969277478562807,0.3753479915125107,0.7356685450339668
141,-24.508653661920942,0.05002197627358415,0.09804127193174204,1.364700268863157,0.3469895143234026,0.6800869510869143
142,-24.5240986662931,0.0451590686978425,0.08851014822314142,1.2627857301183596,0.31463131510887943,0.6166660460218766
143,-24.494571157440333,0.05296958252865091,0.10381847403227787,1.466966288675751,0.36597861368948514,0.7173049019432884
144,-24.42056441567845,0.06271934540762275,0.12292765813286823,1.969636918770737,0.4242144743329207,0.8314450914131157
145,-24.436389689573215,0.05727355127950616,0.11225409777454,1.8707205330449048,0.38934122007453187,0.7630947690429656
146,-24.391516932880563,0.06929226188962642,0.13581033771098514,2.168108290358287,0.46475510901449024,0.9109032752993875
147,-24.466646682332716,0.05537300087316555,0.10852908742730945,1.6704874173596342,0.37953755460836774,0.7438799378128048
148,-24.510069326829527,0.048705782266270856,0.09546157908074053,1.365568169551998,0.33797908131747845,0.662426826910192
149,-24.466780798223407,0.05566813238815686,0.10910753456739516,1.6706133759647757,0.38131631071196775,0.7473662357131416
150,-24.408449945441753,0.06072963552404212,0.11902789842136681,2.0710369090144187,0.4092975704659887,0.8022084970730827
151,-24.51032978921268,0.05324634533517912,0.1043609191653334,1.3658973662095155,0.36800741787586366,0.7212812850802744
152,-24.466740190124582,0.056283140046319645,0.11031292742761054,1.670672391305462,0.3858058484871932,0.7561655680598155
153,-24.467357222447,0.05439278865827769,0.106607906788923,1.671112484752695,0.3723369485143242,0.7297670092016199
154,-24.45406833003484,0.05046042984422262,0.09890062513908643,1.7729095255410428,0.34310453787026024,0.6724725371579692
155,-24.437109423471398,0.05711124304492154,0.11193597948035987,1.8715337623360615,0.38603372783671763,0.7566122033777039
156,-24.34936422011373,0.06872261711722949,0.13469385447310564,2.464174292540796,0.4527588560868058,0.8873910516116928
157,-24.453078181842407,0.058181069667715246,0.11403280113073765,1.7721804457358268,0.3971926182991399,0.778483226791479
158,-24.52690673890968,0.05209393974264694,0.10210224570838777,1.2646339665332094,0.3626266270509737,0.7107351288551466
159,-24.48384245243972,0.05215677907665512,0.10222540853985629,1.5713262757137367,0.35922237753241665,0.704062922404387
160,-24.467456628479386,0.05167718481158831,0.10128542105313339,1.6713432777889285,0.35366650027575064,0.6931736030787964
161,-24.410115130291437,0.05830702505230809,0.11427966914819851,2.072662667243794,0.3931119306686086,0.7704852260034796
162,-24.5281290447204,0.04549141932364367,0.08916154347995106,1.2654319225963475,0.3172171239670497,0.6217341382547951
163,-24.482661839165914,0.0542725185351491,0.10637218167917477,1.5706353567097062,0.37305319706397083,0.7311708305629062
164,-24.42391385186746,0.06062018754713186,0.11881338432844192,1.9726183427009398,0.4103411431847103,0.8042538620170256
165,-24.528185088207426,0.05017972563971568,0.09835045500794386,1.2655695321313796,0.34992158418622415,0.6858337024181999
166,-24.49886948740517,0.05393029475136054,0.10570143538829617,1.470148428549905,0.3729813159987265,0.7310299462638571
167,-24.51370546439709,0.05642037644226858,0.11058190582103852,1.368338382597542,0.3902820033451652,0.7649386703706648
168,-24.403165028496073,0.05871260592692878,0.11507459305527332,2.219174115234591,0.4288024858209463,0.840437428690302
169,-24.542779006719215,0.043214989768784025,0.0846998235390836,1.1627193867890164,0.30258063463457446,0.5930471463030389
170,-24.54389546317379,0.04628346316763493,0.09071392088835059,1.163382193131168,0.32415141740957704,0.6353251036603809
171,-24.48340959136435,0.05978188186047688,0.11717033537456305,1.5713635350340718,0.41170900223507556,0.8069348164916688
172,-24.5134168437136,0.047518360546638085,0.09313427527579968,1.3683150439504546,0.32857163130006156,0.6439885636896941
173,-24.579534387920297,0.043531074226055545,0.08531933769140868,1.00000625610846,0.3639300335167519,0.7132897585852885
174,-24.5886239470687,0.040454522216790065,0.079289406556684,0.8524881814567062,0.286842915153528,0.5622017829213933
175,-24.57280811963546,0.041507809636775694,0.08135381196522494,0.9561902679746315,0.29306812367059304,0.5744029674110929
176,-24.558072028896746,0.04063477536010212,0.07964269622567575,1.0599882523476607,0.28566781604907376,0.5598986309983978
177,-24.513328628893813,0.047821284454680084,0.09372799522561813,1.3683512165420457,0.33209881495940696,0.6509017166288694
178,-24.60328159682017,0.037090040418495396,0.0726951434053859,0.748168407907734,0.2629621906844488,0.5153964230372737
179,-24.50015373464304,0.05392960430720162,0.10570008214261134,1.4715328639201544,0.3731180256995773,0.7312978923538618
180,-24.557969904946297,0.04404256374907583,0.086321838734998,1.060258978193886,0.308428703663002,0.604509150977861
181,-24.573183260720327,0.04150613380072107,0.0813505273869139,0.9566803472576826,0.2930550597364535,0.574377362570683
182,-24.574197817381112,0.0393576522555547,0.07713958093693885,0.9572813785108845,0.27796515124846727,0.5448016854042247
183,-24.500010835967483,0.04871691870081418,0.09548340609136163,1.4717110699799563,0.33560638419497996,0.6577764260038731
184,-24.47616294487599,0.05916485534649846,0.11596098562965904,1.7189044907919746,0.4643567950408377,0.9101225942564894
185,-24.617806978790018,0.03549538337551123,0.06956967303344379,0.6430888322132707,0.2536888850957267,0.4972210780657444
186,-24.49892979147578,0.05018056234925314,0.09835209492850279,1.4710041990480969,0.34563198067171325,0.677426234021802
187,-24.527844052925758,0.05545640240015354,0.10869255141646154,1.2660791070939645,0.38721550186328163,0.7589284379076342
188,-24.617251195667883,0.03404089653008015,0.06671893120041159,0.6428620531125918,0.24326702121411986,0.4767946002060162
189,-24.513660722304614,0.046594560351701286,0.09132366016481247,1.369544892862571,0.32091171970929094,0.6289754128470229
190,-24.527883908037218,0.045496121116148494,0.0891707588239233,1.26611326859288,0.3171964955793249,0.6216937073577953
191,-24.572624911869216,0.04203298767503023,0.08238314200567523,0.9565301672683254,0.2966805468613007,0.5814831867617971
192,-24.49901185092154,0.05312043426064003,0.10411413799398203,1.4709817604067879,0.36744319922119983,0.7201754368377277
193,-24.602621632211743,0.03488065056528689,0.06836481886528899,0.7479619665816997,0.24823531795043793,0.48653228287370753
194,-24.60312182339962,0.03708930994794264,0.07269371170941072,0.7481764619204596,0.26402529337547953,0.5174800660235616
195,-24.558378332491987,0.04304496945464119,0.08436658984672346,1.0604540132894098,0.30268168740278745,0.5932452060892743
196,-24.661927466970145,0.025272254803795684,0.04953270922355891,0.3250796212663288,0.18262977600785063,0.3579477834800045
197,-24.55772448122548,0.042707953320851484,0.0837060503622867,1.0599904931968744,0.3002962794609672,0.5885698924348709
198,-24.587125860170776,0.040447102024805524,0.07927486324763593,0.8519902475701558,0.286721854903523,0.5619645091914242
199,-24.56479247643687,0.053681928318668644,0.10521464612525136,1.1042252963537136,0.42122432344233457,0.8255845033592265
200,-24.57281075001599,0.04236648026092111,0.08303677546313248,0.9563444564414193,0.29911747583010506,0.586259479773536
201,-24.616961264751268,0.03404708775432537,0.06673106577695244,0.6424086271348208,0.2432126740607583,0.4766880817427653
202,-24.586947502525348,0.038804082374600674,0.07605460390734282,0.8517818741492656,0.27505247219902196,0.5390929393687875
203,-24.56408689571829,0.04419147853282984,0.08661370634792144,1.1039172013142633,0.36674931786704035,0.7188154543740313
204,-24.58883820455713,0.04219719583342614,0.08270498408209886,0.8526699700799367,0.29928087037101925,0.5865797271889983
205,-24.542655690841222,0.0454287798141362,0.08903877229730715,1.162971654589504,0.31728463281359687,0.6218664531626653
206,-24.58682898303044,0.04008652037027335,0.078568136191267,0.851581308660581,0.28414855878437656,0.5569209414763404
207,-24.6010697736848,0.036893985990710684,0.07231088378791825,0.7467150453432394,0.26251914101472074,0.5145280616412444
208,-24.55788206986494,0.05628970101851785,0.11032578669682258,1.0597036707595513,0.3958605190194664,0.7758723601794872
209,-24.603555755728934,0.037083821815428374,0.07268295516734037,0.7477817848178904,0.2640566651783221,0.5175415536272632
210,-24.603052185868457,0.0370922677361696,0.07269950886780946,0.7475247140795181,0.26402001490501487,0.5174697204115574
211,-24.5868443381374,0.03786049096799557,0.07420519873427532,0.8514423478255213,0.2683140282357615,0.5258858318889557
212,-24.587348195290435,0.03935772586020639,0.07713972519940523,0.8516620597307112,0.27898325507077487,0.5467971322284702
213,-24.543137413949317,0.04674671355535657,0.09162187496410922,1.1628897967067677,0.3273510971073168,0.6415963606300148
214,-24.557317480712065,0.045815377492161274,0.08979648982274312,1.059244709096165,0.3221042451672647,0.6313127197952986
215,-24.542531808349253,0.04988920533694677,0.09778104567773911,1.162484236548175,0.34936151877542415,0.6847359943840452
216,-24.557704005283206,0.04452816872411532,0.08727360699678888,1.0593823333043189,0.3130826602054957,0.6136307381867632
217,-24.541911734926178,0.044366368832269396,0.08695648503606838,1.162214340565449,0.30927443788342557,0.6061667595903842
218,-24.623526503494496,0.03575450866162792,0.07007754926171614,0.6851694952821834,0.3187634965194061,0.6247649727640948
219,-24.601499517702628,0.037665475674164915,0.07382297578193274,0.7465449854827457,0.2680411288056716,0.5253509588345779
220,-24.63035544973773,0.03161270615223446,0.06195976551222733,0.5357819796736721,0.22673498392637986,0.44439240253097256
221,-24.549910361239938,0.046062062464851894,0.09027998348474398,1.2071017945252887,0.3716948005095961,0.7285084222396084
222,-24.498005324634068,0.04856379760801192,0.09518329426419578,1.4693329655540424,0.33579697596472496,0.6581499790083231
223,-24.616102022163595,0.0329523419029182,0.06458540333596975,0.6413258391004175,0.2354336471635534,0.4614414691894753
224,-24.615050936018346,0.03295322371063616,0.06458713164733823,0.6408906798655731,0.2353934745575652,0.46136273232857333
225,-24.58588932213054,0.03989881581918512,0.0782002420313998,0.8505666962823271,0.2827524455695466,0.5541846098569333
226,-24.547806835239832,0.051453017584017186,0.10084606136057979,1.2060092446429054,0.40104793346039325,0.7860395056565869
227,-24.571318597914647,0.03934972597787838,0.07712404571816178,0.9547300736774018,0.277742186908363,0.5443646833277835
228,-24.629689297566227,0.031606099596601926,0.061946816901125704,0.5353160395069357,0.22666467134680895,0.4442545924073535
229,-24.62916247758872,0.03172425442856293,0.062178396116368655,0.535113734376725,0.2265922730818066,0.4441126944154057
230,-24.629438154160333,0.03067624205354938,0.06012432960598981,0.5353591969060474,0.21909269772441092,0.4294137968155661
231,-24.658785487147682,0.025245678229290126,0.049480620094695574,0.3229725816943507,0.18244739237108454,0.3575903181205735
232,-24.54085886030473,0.04166848332776067,0.08166872661281861,1.161096808906416,0.2916333912135094,0.5715909434677583
233,-24.600048763854183,0.03486592104834337,0.06833594954257001,0.7455651566590955,0.2480581446282238,0.4861850295431465
234,-24.61394004249455,0.03402727931710529,0.06669224195341104,0.6402564099902651,0.24300991686960696,0.47629068495050214
235,-24.510391103274944,0.04885636867874841,0.09575672302575763,1.365679219905992,0.3390768597275019,0.6645784330568436
236,-24.54048109588592,0.04320067472328402,0.08467176656546654,1.160823141517876,0.3023708938008877,0.5926360618229254
237,-24.569830667864444,0.03934657181367588,0.07711786366992356,0.9538311647920016,0.27765460132201925,0.544193018732985
238,-24.6139277835098,0.03402519076092457,0.06668814845851716,0.640155607164961,0.24303261281750493,0.47633516819097715
239,-24.554590459781465,0.05365119545623625,0.10515441082174204,1.0572265429920595,0.37704134995634897,0.7389874665968067
240,-24.59942670697498,0.03608656599270825,0.07072836967143607,0.7451751877781955,0.25672025708014345,0.503162457978945
241,-24.59904921779954,0.03608702977052194,0.07072927865924773,0.745029777010794,0.25669346656191844,0.5031099495280968
242,-24.599044677589113,0.041839316142783536,0.08200355277764103,0.7450297171809337,0.29763618682051785,0.5833562066640501
243,-24.657638515623006,0.03250378667391611,0.06370625124204853,0.32249694051784317,0.23492906852204629,0.4604525132247532
244,-24.590717964128743,0.04038483245281818,0.079152817129208,0.893363900501835,0.34262783998604757,0.6715382264734059
245,-24.628638589416887,0.03205575972609534,0.06282813456021641,0.5347943901962239,0.22985981883401738,0.45051696640757566
246,-24.598184396142106,0.037848970791359356,0.0741826196029728,0.7448414382760302,0.2691848277705647,0.5275925676149241
247,-24.65751320961914,0.02466444132696167,0.04834141669964617,0.32263638455732785,0.17819097547085244,0.34924789429293096
248,-24.643938588872153,0.028725323768903833,0.05630060003130388,0.42949143490424324,0.20598696937866928,0.40372704126674674
249,-24.614149705157956,0.0346576516084399,0.06792774894127888,0.6406741916460965,0.24655950310454686,0.48324774613100346
250,-24.570343128318147,0.04468112493908004,0.0875733956693313,0.9543549889408292,0.3153342972907892,0.6180438657801932
251,-24.584379638067805,0.04336838901158692,0.085000480530233,0.8499803432477218,0.3072555113798732,0.6022097363559883
252,-24.59948617243334,0.04184070789764107,0.0820062805670371,0.7456403356108761,0.29767269743141705,0.5834277661464661
253,-24.673164032948186,0.020502422177642147,0.04018400906401388,0.21646801077505595,0.1487135169936105,0.29147313732176183
254,-24.61429372961892,0.034026635781917544,0.06669098064762029,0.6409683101707633,0.2420476978353425,0.4744047702981049
255,-24.629412594864448,0.030673645730962013,0.060119240907226326,0.5357464300926162,0.21909126425636646,0.42941098726982596
256,-24.61433232995713,0.03294727912542739,0.064575480474426,0.6408941001820408,0.23531874398850786,0.4612162631046767
257,-24.599983974116867,0.03608843231486253,0.07073202759564201,0.7460792613826042,0.25675998651091564,0.5032403262323848
258,-24.58413063283293,0.03648846398568937,0.071516075263138,0.8501237617786525,0.258459195545276,0.5065707147419362
259,-24.599588398128652,0.03608901849295968,0.07073317648360095,0.7459363965805063,0.2567586768470888,0.5032377593384523
260,-24.599552593206354,0.03784899156411479,0.07418266031682531,0.7459103744024469,0.26926014845244145,0.5277401934386936
261,-24.658411035658837,0.03250501429119395,0.0637086573276999,0.3233382840872895,0.23497872701408068,0.4605498420806672
262,-24.658019014710167,0.025244211725341702,0.04947774579977347,0.3232003867801703,0.18242777155843995,0.3575518620344427
263,-24.569981468459908,0.039350628276972145,0.07712581419188885,0.9544606120113202,0.2776671859706895,0.5442176841911368
264,-24.613388839643772,0.034026864473778805,0.06669142887543192,0.640639022415139,0.24201173638742707,0.47433428715535875
265,-24.598980058797366,0.036881234889568106,0.07228589208891556,0.7455458056432558,0.2623573455583499,0.5142109483738952
266,-24.598603276391376,0.04184092348736434,0.08200670311513014,0.7453621801233361,0.2976297665114444,0.5833436230894965
267,-24.614396218589476,0.040789635332083934,0.079946216193407,0.6408059841276043,0.2913951810439948,0.5711240601147585
268,-24.642743397254762,0.028726617813818852,0.05630313631273169,0.4291222702782652,0.2067717714911861,0.4052652251422707
269,-24.583807145449555,0.03784870452870511,0.07418209773776006,0.8497551486879936,0.2681141405055802,0.5254940591368489
270,-24.554663418821733,0.04061260690484274,0.07959924685177448,1.057600316155377,0.285352300520024,0.5592802319248972
271,-24.59983989059593,0.03486325325954714,0.06833072077261103,0.7456866064818174,0.24804386314491522,0.4861570383502159
272,-24.584339207219024,0.03784728926837952,0.07417932387849314,0.8500316740053215,0.26703038844198895,0.523369944124039
273,-24.59899741043523,0.037075061551240615,0.07266578536503732,0.745286803855943,0.2637237976437775,0.5168891452479331
274,-24.643454870901827,0.02922241558333851,0.057274882084605516,0.42915258215786367,0.2103883116620524,0.41235351362581096
275,-24.61393605802484,0.03294738521512981,0.06457568840642189,0.6403515261517794,0.23529308690293368,0.46116597614100313
276,-24.58374678760876,0.03895144789296453,0.07634343501589905,0.8495281864214844,0.2747271297077538,0.5384552798032615
277,-24.67205578568321,0.020498256768007803,0.0401758450111497,0.21589345902393237,0.1486671690749225,0.291382297070375
278,-24.583637187425044,0.04719794243308722,0.09250626731324572,0.8494514565779612,0.3343785434961251,0.6553699024553652
279,-24.67195015014972,0.020497576629923246,0.04017451196499946,0.21583707522867712,0.14864948690272056,0.29134764064969076
280,-24.554041998411062,0.04579815569969323,0.08976273572975653,1.0570679048345395,0.321792869223411,0.6307024341596932
281,-24.612540267532136,0.03916034672694904,0.0767528692069211,0.639729323578608,0.27964197678093,0.5480882030562089
282,-24.642500681890674,0.028721466126682645,0.05629303919148511,0.4286832160133796,0.20673780650081056,0.40519865498439933
283,-24.656766793753803,0.02523754038086468,0.04946467020487005,0.3222817284550642,0.18236220466866931,0.35742335329191394
284,-24.671357856646303,0.020493974702448216,0.04016745231687347,0.21575547939896536,0.14803203887067523,0.29013746474455676
285,-24.700964243073805,0.000782680204543135,0.0015340250123169875,0.0009292957000478549,0.00012070693314127773,0.0002365812416411886
286,-24.64220221395935,0.02871880344960596,0.05628782044031235,0.42848299456441,0.2067209052986249,0.40516552923682003
287,-24.626816358892007,0.03066716886720193,0.06010654648752379,0.5340811912865742,0.21982307139956653,0.4308453029141272
288,-24.597787931113025,0.03687467619822697,0.07227303729010123,0.7444813514588189,0.2622443267953228,0.5139894356687849
289,-24.59743358921206,0.0348590194632041,0.0683224226842608,0.7443535572540422,0.24787871930305921,0.4858333623679095
290,-24.61211494531487,0.034019149891742685,0.06667630857248534,0.6394297860655591,0.2428876084192076,0.47605096479271447
291,-24.670973991554582,0.02048999663268348,0.0401596554434066,0.21541417977840602,0.148620543756497,0.2912909131254933
292,-24.612270827549455,0.034018526671063386,0.0666750870823995,0.6394890119166956,0.2428980402243869,0.4760714107551597
293,-24.640623496415806,0.027952665188405355,0.05478621704118102,0.42805023836136846,0.2011345718102083,0.39421651679389347
294,-24.655522866762766,0.02465372557459374,0.04832041421093778,0.3218932294911882,0.17810652024921492,0.34908236510021506
295,-24.567844875387653,0.040669002444698,0.0797097800787795,0.9528530956829822,0.2863796563859816,0.56129381242148
296,-24.626950658919903,0.031593167549058526,0.061921470553694284,0.534124471554758,0.22649418605919472,0.44392044738373565
297,-24.626183945332652,0.031594025580287774,0.06192315226400122,0.533914939561643,0.22644646720808476,0.44382692015417646
298,-24.670812110647063,0.020487698482136465,0.0401551511511034,0.21542775119228313,0.14860345957320029,0.2912574287415265
299,-24.62610318600715,0.030664760289427325,0.0601018257618316,0.5340944793480339,0.2188913063572256,0.42901907698908553
300,-24.64101515510314,0.029215461815698885,0.05726125295047499,0.42820613021189086,0.210247942492533,0.4120783951090131
301,-24.626239838326995,0.03159325457139953,0.06192164111434851,0.5339648283698656,0.22646457065187506,0.44386240225200163
302,-24.61119257502948,0.032937695725313285,0.06455669735535294,0.6391762285811773,0.23511512447171337,0.4608171761852101
303,-24.669750961281846,0.02083710563405379,0.040839976584802075,0.21516517064140717,0.15110037005332724,0.2961512833551959
304,-24.59619744648543,0.03607965856613909,0.07071483136413466,0.7438946029178233,0.2565063037141036,0.5027431170871357
305,-24.626100781771267,0.030662244104933466,0.06009689413084518,0.5337604350087866,0.21977977587178707,0.4307604452389878
306,-24.639869292746866,0.02794894038187054,0.0547789165545234,0.4277243717997034,0.2010899344779518,0.3941290292303048
307,-24.65464645684022,0.02464941194662863,0.04831195965548346,0.3215241417449294,0.17806101791389592,0.3489931821617774
308,-24.595789158539596,0.041831724571167864,0.08198867357068824,0.7435880469362075,0.29738331710474086,0.5828605911283463
309,-24.610744027479786,0.039152961147246215,0.07673839373669862,0.6387465459434716,0.27947884371361675,0.5477684681195873
310,-24.595557341181312,0.03706624699414198,0.07264850915058432,0.7434688911125825,0.26348537159388824,0.516421838777174
311,-24.566398427101735,0.045791616417234005,0.08974991897165172,0.951992209825636,0.32287716396485544,0.6328276128015504
312,-24.639307401299206,0.02794734039341458,0.05477578063477404,0.4274738023159514,0.20105735372884254,0.39406517213546133
313,-24.62506345327683,0.030660834483260044,0.060094131323133446,0.5333012998183597,0.21971717208366148,0.4306377440689659
314,-24.639771947010935,0.02896317870298255,0.056766787135643315,0.427562962754158,0.20838771438072745,0.4084324150068453
315,-24.60995494498588,0.034646426924184355,0.06790574896440017,0.6384969363985596,0.24726371411991938,0.48462797435865
316,-24.565591741329847,0.042686670693337606,0.08366433717886312,0.9516955838984302,0.3009266494477549,0.5898053949059097
317,-24.58047877045197,0.038781816298580685,0.07601096320026661,0.8477632061552705,0.274519725857266,0.5380487757260504
318,-24.668998049515274,0.020832466005750703,0.04083088308042637,0.21475645235127816,0.15107622620357947,0.2961039622792421
319,-24.610093130782552,0.03401448003125075,0.06666715581410833,0.6385313417115954,0.2427631313889546,0.47580699429651613
320,-24.639697638783453,0.02871232798941574,0.056275128771556195,0.4275404370606349,0.20657927712143725,0.4048879431103362
321,-24.60989789352022,0.03915283340345875,0.07673814336347594,0.6384768178113096,0.2794137327846644,0.5476408530438408
322,-24.639778076627266,0.027947310390099955,0.054775721829357964,0.4275431344856925,0.20107396463270052,0.39409772890877365
323,-24.639444733154143,0.02871230046015066,0.05627507481518811,0.42747752892116336,0.20657398323105058,0.40487756727584023
324,-24.66889586239908,0.020482179210081303,0.04014433357665441,0.21473010427301237,0.14852622325401352,0.291106048337622
325,-24.668859454182037,0.020482077272328997,0.040144133782331226,0.21472075252765477,0.14852476514888843,0.2911031905040911
326,-24.550980690419575,0.040602911111603544,0.07958024344622412,1.0552628401725619,0.28505762353813563,0.558702675653323
327,-24.65385371634715,0.02464721539878479,0.04830765450081921,0.32144180674839384,0.1772989356362168,0.34749952834427006
328,-24.639180998265005,0.028711780333912387,0.05627405538649369,0.4273995428854085,0.20655821084236262,0.40484665396206165
329,-24.594773076553746,0.03485368318604321,0.06831196377321394,0.743178199209078,0.2477057523640858,0.4854943533970055
330,-24.565253440395658,0.04657383855370329,0.09128304618704149,0.9515350124843819,0.3282918361190005,0.6434401752117667
331,-24.60951087003454,0.03293359815771565,0.06454866627043734,0.6383342075471118,0.23500602856410943,0.4606033521354457
332,-24.609449779126766,0.032933510090303805,0.06454849366148192,0.6383199934688358,0.23500210319566678,0.46059565855467205
333,-24.624113329623043,0.0306596041311867,0.060091719877381385,0.5330360955821835,0.21965985175839164,0.4305253982958549
334,-24.638771095199907,0.027945418505151167,0.05477201380299544,0.42750975647062106,0.20020851942953516,0.39240148747997655
335,-24.682897011659264,0.014731159534753907,0.028872542138631475,0.10761777606937936,0.10722517770642837,0.2101574865405067
336,-24.6385563775264,0.03505990900308055,0.06871615894728947,0.42730318455901906,0.2521955430443249,0.49429418142839776
337,-24.6535041283184,0.025225640288105852,0.04944134645165006,0.3212129012300029,0.18218500359486767,0.3570760455692409
338,-24.638520567638523,0.027945274450838952,0.054771731461731685,0.42730470908634244,0.20100474553674091,0.39396206197365036
339,-24.638369738163767,0.02794526574109396,0.054771714390945185,0.42728240449298327,0.20100286203939552,0.3939583703866884
340,-24.638575248410746,0.027945111077567066,0.054771411256002746,0.42732677433747535,0.20101409031815695,0.3939803774086692
341,-24.638539771201707,0.028710726533589755,0.05627198997581443,0.42732415137291996,0.20651383466972784,0.4047596782619257
342,-24.608932231082115,0.034644798886254324,0.06790255806869185,0.6382523064329073,0.24718275331421627,0.4844692940953126
343,-24.653192286732946,0.024645527605643404,0.04830434648704875,0.3211996482863705,0.17798653994794036,0.3488472080308627
344,-24.653176998647893,0.025225391133386323,0.049440858117373206,0.32119908310490636,0.18217418513969144,0.35705484178672714
345,-24.623716405580375,0.031588229960786036,0.06191179305850972,0.5330148500366879,0.2262997833628374,0.4435394251003778
346,-24.66777085000134,0.020479834678962878,0.04013973838010166,0.2146134929409381,0.14848522918372634,0.29102570143627937
347,-24.68259324389839,0.014730294484646597,0.028870846671576324,0.10762898624276274,0.10721947395499103,0.21014630739311277
348,-24.579701667987678,0.036474392408490784,0.0714884954786231,0.8475379004853124,0.258140966441212,0.5059469971591383
349,-24.59441774155249,0.03485257135729064,0.06830978462890193,0.7431316049446524,0.24767170634074193,0.4854276244174347
350,-24.63846936386713,0.02871042101846052,0.0562713911771644,0.4273085124781383,0.20650987477204222,0.40475191700507945
351,-24.682649531578043,0.014730043592710003,0.02887035493241659,0.10761197009027149,0.1072179948212699,0.21014340834429102
352,-24.608801012809305,0.03293283881130906,0.06454717797882864,0.6381895925762016,0.2349668027311302,0.4605264709155428
353,-24.638345342458052,0.02920976010309463,0.057250077799120454,0.4272591412070261,0.21010042885823013,0.4117892736985509
354,-24.608670859854946,0.04006403133261168,0.07852405848740317,0.6381491931865333,0.28583908521131923,0.5602343123880613
355,-24.623690352127362,0.03802707590610375,0.07453169921333419,0.5331382573331545,0.27132059501745664,0.5317785944981926
356,-24.63818902019902,0.028710432008787014,0.05627141271780851,0.42722910902825295,0.20649401413180693,0.40472083072144655
357,-24.682533057422006,0.0147297749870502,0.028869828474997333,0.10759236429861688,0.10721460867392049,0.21013677161743985
358,-24.667658357001383,0.02082939985180723,0.04082487352912611,0.2145743861445171,0.1510185368727033,0.29599089326843264
359,-24.63805363621636,0.027944568959899416,0.054770348724898776,0.4272316474841473,0.20098425261001487,0.3939218965753295
360,-24.623469892300605,0.03158779567113233,0.0619109418664296,0.5329630558658865,0.2262777467368273,0.44349623410705724
361,-24.682274105725572,0.014729508928921867,0.028869307010648007,0.10760652510804894,0.1072071232916365,0.2101221005377527
362,-24.697170673700583,0.00023202916294527576,0.00045476880273571615,0.0002096907623518104,2.3385901923466322e-05,4.5835525515979966e-05
363,-24.638069342266768,0.0279444322073617,0.05477008069485005,0.42726140486063957,0.20098488685048815,0.3939231396638147
364,-24.59386573442697,0.036075541908086345,0.07070676286261461,0.7430038531460204,0.2563316607583627,0.50240082318373
365,-24.6233799860769,0.030658506874032657,0.06008956929287768,0.5329564527466055,0.21961563231012257,0.4304387297698313
366,-24.60862386165243,0.0329323673368374,0.06454625390584456,0.6381955713408842,0.23494854362584514,0.46049068372679414
367,-24.608497914240726,0.04006364427318825,0.07852329986487336,0.6381606185467341,0.2858173103133614,0.5601916343722969
368,-24.608529351786483,0.03915087792618435,0.07673431069844554,0.6381710264020776,0.2793082641337465,0.5474341382865436
369,-24.659340556161652,0.026721349249425704,0.05237288214719078,0.3641329004833473,0.27403051334720135,0.5370899368255372
370,-24.652728079534093,0.025224478856073332,0.04943907008669583,0.32112310178848774,0.18214652296906741,0.3570006249285698
371,-24.652551055609923,0.025224545874246038,0.049439201439900646,0.32108572662849133,0.18213773790457427,0.3569834065185614
372,-24.652702997760773,0.02464454195784045,0.04830241465285351,0.32110060241990535,0.17795747015018756,0.34879023227422934
373,-24.56420304633307,0.040601338516927245,0.07957716121729629,0.9512104877323342,0.28611427663450695,0.5607736776663635
374,-24.638031418022,0.027944129188785215,0.0547694867893535,0.42718433253489696,0.2009778712710602,0.3939093893808052
375,-24.63788540386956,0.0292092286896996,0.05724903624800529,0.4271481429474213,0.210068032264697,0.4117257775420042
376,-24.65260398216035,0.024644692030234634,0.04830270878934119,0.3210336071184231,0.17795260632850052,0.3487806993588955
377,-24.63770452879472,0.028709947456021935,0.05627046301184034,0.42711371499801565,0.20646666443269499,0.4046672262961991
378,-24.622976653873806,0.03065843959847616,0.06008943743520991,0.5327836501519729,0.21959608477561215,0.4304004173062043
379,-24.667251898128495,0.02047888396513478,0.04013787501523899,0.2144726914999296,0.14845997992559096,0.2909762137996977
380,-24.667350870880185,0.02047886790832184,0.04013784354446391,0.21447835274044624,0.14846394897164564,0.2909839929870178
381,-24.623241918610848,0.03065838067039084,0.060089321938285,0.5328259629740772,0.21960729648975705,0.43042239186213327
382,-24.652462843724678,0.024644784227552737,0.04830288949276414,0.32099671615364905,0.1779497605742719,0.34877512178309855
383,-24.696826086337463,0.0002223820146085433,0.00043586073944220505,7.886248047128119e-05,1.0243508221091166e-05,2.0076907188678642e-05
384,-24.667471420914914,0.020828919870905585,0.04082393278384562,0.21447746509414192,0.15100693759055722,0.2959681590931798
385,-24.68221696118628,0.01472912284845711,0.02886855030684195,0.10749394363213073,0.10720546295653455,0.21011884634075062
386,-24.652447243323092,0.024644905582675875,0.04830312734443483,0.3209825214110391,0.17794919497816422,0.3487740132350977
387,-24.608627497671655,0.040063650818918654,0.07852331269426921,0.638077123811879,0.28582757706165524,0.5602117568291911
388,-24.65285203536561,0.02522475061730892,0.04943960272892998,0.3210335582188766,0.18215267587171802,0.3570126843961654
389,-24.6675481007761,0.020829219462807327,0.04082451997318309,0.21448214428868412,0.15101008136890026,0.29597432078550756
390,-24.623418270245395,0.03158788329148316,0.06191111359916154,0.532849424520476,0.22627454067451946,0.4434899503404017
391,-24.63827696104346,0.02871019909138216,0.05627095620808362,0.4271933919706866,0.20649901930585535,0.4047306406823178
392,-24.682408577488367,0.014729824092735957,0.028869924720372853,0.10753097099735281,0.1072110135036891,0.21012972521326803
393,-24.682548005323817,0.01472980807500036,0.02886989332618797,0.10755363802959847,0.10721503355194292,0.21013760436306164
394,-24.66775889522997,0.02047953610497058,0.040139153185830036,0.21455251278939358,0.14848041342035173,0.2910162627135071
395,-24.682623371696163,0.014729982899744577,0.02887023597639024,0.10758950518383538,0.10721724659651789,0.21014194185072477
396,-24.653108467270116,0.02522528678785508,0.04944065360389002,0.32115507845745256,0.1821706463306387,0.3570479058484356
397,-24.6678834806059,0.020479766832522034,0.04013960540352113,0.21462562238870242,0.1484853990452492,0.2910260343587466
398,-24.653194461642013,0.02464552977142462,0.04830435073190193,0.32121281582336103,0.17798663135617632,0.3488473871877131
399,-24.63849287782164,0.02794498955754041,0.054771173081127104,0.42736033734991724,0.20100934410430596,0.3939710750004583
